.lec.Random.seed.table <-
structure(list(Cg = structure(c(10, 4275247965, 12345, 3489662961, 
12345, 3541175736, 12345, 335948734, 12345, 4161675175, 12345, 
475798818), .Dim = c(2L, 6L)), Bg = structure(c(10, 4275247965, 
12345, 3489662961, 12345, 3541175736, 12345, 335948734, 12345, 
4161675175, 12345, 475798818), .Dim = c(2L, 6L)), Ig = structure(c(10, 
4275247965, 12345, 3489662961, 12345, 3541175736, 12345, 335948734, 
12345, 4161675175, 12345, 475798818), .Dim = c(2L, 6L)), AIP = structure(c(0, 
0, 0, 0), .Dim = c(2L, 2L)), name = c("1", "2")), .Names = c("Cg", 
"Bg", "Ig", "AIP", "name"))
.Random.seed <-
c(403L, 353L, -477961923L, 89676636L, 586314240L, 27557964L, 
-870938035L, -676894127L, -2122143376L, -674556132L, -1396554578L, 
-2096135465L, -105503892L, -486217871L, -1057832115L, 799097841L, 
1448655929L, -1781615981L, -2016631344L, 478345292L, 155975627L, 
1806292005L, -1244940163L, -1515469772L, 1956199939L, -1698611246L, 
-102314454L, 668481899L, -1045043977L, 607104108L, -1601633423L, 
-194615923L, -1135330132L, -1879059239L, -1316619012L, -1274023630L, 
-855287571L, 1970454398L, -1129928063L, -1580453407L, 1083624231L, 
-194464587L, 212245582L, 1103252106L, -1980135840L, -2088316232L, 
1733061444L, 1570501055L, -915827007L, -2122236260L, 243027831L, 
202012332L, -574606353L, 1232779723L, 1337811767L, 289437130L, 
1517581761L, -2092901980L, -585513209L, 975062613L, 1837532464L, 
-88315182L, 1759674556L, -1525526941L, 391325334L, 114796013L, 
-1597121698L, -606708972L, -1646271673L, -1587034693L, -1118435416L, 
920704531L, -1987417771L, 458285522L, 216029316L, 2026054411L, 
669254827L, 40747190L, 2101326231L, -474526788L, 1540501983L, 
1363858917L, -759390945L, 1475582638L, 1607752987L, 1503236001L, 
-648121004L, 2085175109L, 700439303L, 921310456L, -1715132133L, 
1228628501L, -1217756363L, -518331610L, 959327436L, 34665890L, 
-974106279L, 1182470760L, -597084323L, -1573025755L, 1608032416L, 
-866961013L, -767004803L, 1977306522L, 432990403L, -421394028L, 
1906147629L, 518476737L, 638675956L, -1002252083L, -499325618L, 
-506439827L, 279156938L, 2066755658L, 1153932920L, -1259691474L, 
-1356734253L, 2093885515L, -1175557085L, -1051065592L, 706531580L, 
664903505L, -271997697L, -576814376L, -708597888L, -897206191L, 
567237012L, 475920166L, -1013664608L, 36949862L, -1765766545L, 
-499266552L, 754434805L, -219608119L, 66392590L, -1849730659L, 
-1573139902L, -1753708111L, 1383414614L, -1365567266L, -1968917688L, 
-464720954L, 2115610476L, 209632067L, -190870006L, -603020261L, 
26914051L, -2091364853L, -1565548842L, -934561317L, -551562914L, 
1040135197L, -14008297L, 803017113L, -2077460667L, 983299939L, 
-1859524952L, -889822299L, -881277359L, -34033323L, 200363280L, 
756042311L, -1146213003L, 1597329845L, 810417730L, 1365607939L, 
-2025302644L, 2060438368L, 889812879L, 431642001L, -1399465751L, 
194837940L, 660365993L, -41137944L, 1451370287L, 1446101361L, 
-207984500L, 101038629L, -1096247868L, 430646374L, 720855011L, 
-1015322736L, 1351516367L, 250104216L, -852576862L, -689422313L, 
1053273196L, -1972460768L, 1920000954L, 2055670709L, -1834551928L, 
-1267617353L, -1260336457L, -1268643993L, -1519622640L, 1869094891L, 
-31641724L, 868575873L, 795641677L, -1060664494L, -634673396L, 
54624320L, -1953926209L, -1223427710L, -1167159469L, -1776917274L, 
754703640L, -1093794553L, 180664840L, 1202901837L, -425908991L, 
-1613489623L, -32255826L, 831800018L, 766845644L, -2058919372L, 
-1491078654L, 1841542552L, -197856075L, 1125092907L, 620751642L, 
79179287L, -68791283L, 1869162828L, -737118490L, 312628021L, 
-248561766L, -1558787255L, 1422209121L, -2088552612L, 515439961L, 
429635328L, 1578040909L, 1381295207L, 58173643L, -1347259038L, 
848443647L, -877520972L, 1747353534L, 1053492215L, -588674482L, 
-1611423965L, 997961684L, -958652544L, 1433456740L, 1081184845L, 
1065368215L, 2038233169L, 1514037282L, -1847383150L, -84512499L, 
1206171237L, 425179934L, -1440897141L, 199896573L, -1141818423L, 
1714997790L, -446630367L, 1272101460L, 1529613965L, 470722993L, 
-1346262604L, -690946826L, 1052099429L, -586573478L, -1924234221L, 
151884618L, -1567796142L, -1661698447L, -70743203L, -1364456301L, 
817037049L, -1664693704L, 1471818391L, -1230923635L, 241153922L, 
-1308130022L, -1194891028L, -941062225L, 410350396L, -1671104725L, 
-1648836287L, 1756209104L, 1403087142L, 1329074222L, 250758134L, 
1177382023L, -895006836L, 1982159885L, -2146159144L, -614318652L, 
1149120737L, 214001975L, 540736670L, -2071491552L, 160060277L, 
558871373L, -1702051819L, 1276095961L, -1866841082L, 1711880981L, 
-1163371544L, -1744607370L, 1779692321L, 1410994302L, 684072854L, 
-1563501669L, -250628707L, -1712450219L, 1675921757L, 38069373L, 
-2095225984L, -521205051L, 1878522104L, -822747113L, -108450101L, 
-1408228202L, 568643393L, -1552690335L, -1258085533L, 2143519517L, 
2104834133L, -884538509L, -1232980827L, 1309005646L, 1666176087L, 
-689410898L, -846192569L, 1565818929L, 69135992L, -1390641023L, 
-461297668L, -1027151016L, 1082411499L, 67340353L, 1735733215L, 
-360461810L, 1255114655L, 372455026L, 1484211713L, 875441315L, 
785579854L, 836120297L, -1609901412L, 914551751L, -363861163L, 
1090772383L, -1095693753L, 282862482L, 31381684L, -1273624222L, 
1877726440L, -316588330L, 1326905891L, -877084279L, 954738408L, 
-1452522757L, -2129223995L, 157390466L, -348530841L, -9835781L, 
-468191029L, -743722051L, 1807447345L, -1907911818L, 1368921255L, 
-737956960L, -454971041L, -63579724L, 1228855788L, 225948464L, 
547897368L, 159586259L, 887103330L, 1374500378L, -695548387L, 
2053682817L, 880067718L, 299175856L, 154072279L, -1052241296L, 
1498157082L, -1016676544L, 347689299L, 390127127L, 656872960L, 
1996809894L, 799935803L, -397881523L, 947978779L, -1250995529L, 
-1383940818L, 481930724L, 1709871889L, -864072058L, -513162685L, 
-358154883L, -722854072L, 944563385L, 452278763L, -191993774L, 
-1120517749L, -1522253155L, -971752326L, -1066110379L, 193597182L, 
-1150559303L, 916350701L, 344114372L, 1560381211L, -1196646731L, 
-31220363L, 1205710902L, 1376277329L, -1639162648L, -1437670460L, 
841070990L, -923489212L, 93576904L, 239807199L, -1400775371L, 
184251388L, -1897775180L, 1388939500L, -524342995L, -1060598922L, 
-2015561470L, 383412880L, -639807972L, -1663525428L, 483211902L, 
284255266L, 883166717L, 43769660L, 1248159442L, -1835103102L, 
1609425509L, 2053046197L, 238239285L, 134488350L, -737029061L, 
-650308380L, -1181757201L, -1947407446L, 1153643096L, -267439959L, 
398011582L, -1347040028L, -881442790L, -1538823776L, -1959835397L, 
1965280306L, -186053872L, -809029450L, 1174791656L, -155978413L, 
1374854756L, -320551312L, 913216190L, -50293798L, 1950689285L, 
891652554L, 774067870L, -1817738220L, 1789652567L, -1349991296L, 
368904859L, -1303175178L, -1513966034L, -185579969L, -9131591L, 
-1369174518L, 336917442L, -987265896L, 2007934031L, -142955425L, 
-848796197L, 1340990025L, -1956897418L, -1214769724L, 2057885747L, 
481788012L, 1906737395L, 1227286490L, -104912500L, 1384941121L, 
-291107591L, 1932598573L, -936067362L, 283708860L, -1922999083L, 
587795700L, -62496431L, 572693320L, -1864454165L, 1321321079L, 
1956409577L, -1051306074L, 1249417422L, -2121263844L, 1701868290L, 
764311574L, 1299777280L, 453405690L, 359456064L, 1043577389L, 
-1040751778L, 483073577L, 1972067580L, 350689712L, -299588219L, 
-1737569762L, -60231249L, -806393903L, -1400990533L, 839442925L, 
378656636L, 1637307449L, -1000127087L, 1162408317L, -441166630L, 
-422388419L, 882844892L, -2108075700L, 890118971L, 330766447L, 
-1092165339L, 93149974L, 1679061652L, -462223125L, -1180959710L, 
545559328L, -1418463191L, -1819651759L, -1881669225L, -1189619984L, 
1309449075L, -1629122880L, -1929880743L, -1076788628L, 1649355843L, 
-2069916876L, -1786855385L, 965325347L, -551542209L, 1956461148L, 
-668582191L, 450253681L, 652480601L, 578127745L, -1976178594L, 
1628034607L, 725982837L, 202762077L, -493863471L, 374592685L, 
-1076640864L, 683725861L, -1431939210L, 660834439L, -391982930L, 
